2.000000 1.944785 1.365491 0.000000 0.759055 
0.520245 0.790824 1.645853 0.478946 0.696997 
1.974043 0.760308 0.561448 1.565613 1.572162 
0.400705 0.800446 0.229502 2.000000 0.802173 
0.174791 0.827456 1.101835 0.360265 1.067580 
0.160175 1.153780 1.946856 0.778421 0.174868 
0.935910 1.499357 0.270418 0.615648 0.139241 
0.202098 1.594879 0.605705 1.036437 1.280738 
0.337677 1.933132 0.245434 1.304111 1.595797 
1.329422 0.000000 1.332758 1.308660 0.177013 
0.598570 1.323156 2.000000 1.131986 0.827772 
1.733366 1.023656 1.994304 1.751741 1.299454 
1.660078 0.259729 0.673445 1.132723 1.660824 
0.555615 0.000000 1.201182 1.806228 0.037521 
1.933876 0.434262 1.705715 2.000000 1.384803 
1.977712 2.000000 2.000000 1.738911 0.000000 
