1.692713 0.677338 0.225754 0.049748 0.087083 
0.819456 1.278090 0.327585 1.135392 2.000000  
1.464301 0.511610 0.303184 0.153435 1.744798 
0.717728 1.599447 1.335272 1.500121 1.966686 
1.221534 1.670847 0.313400 2.000000 2.000000 
1.103715 0.617730 0.362625 0.578172 0.265391 
1.293721 1.490039 1.733377 0.665613 1.942797 
1.042184 0.695974 1.167272 0.183087 1.113959 
0.644843 0.807624 1.453393 1.361479 0.761296 
0.000000 0.129999 0.819104 0.127843 1.962073 
0.421648 1.176477 0.171334 1.223398 0.289264 
0.785598 0.000000 1.807741 1.855449 0.793826 
0.612450 1.952417 0.715255 1.586392 0.175746 
1.249287 1.365238 0.000000 0.780160 0.155184 
