1.405049 1.649649 1.225536 0.000000 1.365881 
1.539787 1.090175 1.563345 1.566748 1.414405 
2.000000 1.256867 0.792040 1.011673 0.695840 
0.771868 0.000000 0.278994 1.283995 1.716880 
2.000000 0.395054 1.441601 1.669871 1.695116 
1.550279 0.076752 1.864680 0.915718 1.212983 
1.011710 0.870873 0.658901 0.000000 1.965570 
1.744806 0.199082 0.746893 0.000000 1.455921 
1.108630 0.596275 1.627762 1.145577 1.394821 
1.570068 0.343507 1.707185 0.000000 1.524524 
0.000000 0.000000 1.367396 0.327045 0.417199 
1.051006 1.580677 0.005781 0.804704 1.914466 
0.701692 0.177644 1.947735 1.366205 0.103818 
1.341984 0.434121 0.621884 0.000000 0.759933 
1.125869 1.145590 0.964989 1.770276 0.863856 
1.576971 1.222356 0.498624 1.783370 0.033713 
