1.283796 0.905501 0.584524 0.126692 0.000000 
1.618442 0.000000 0.748018 0.722486 0.887319 
0.511806 1.914385 0.568123 1.921859 2.000000 
1.562945 0.166087 1.792549 1.220043 0.993296 
2.000000 1.494889 1.624323 0.333270 0.966463 
2.000000 1.403558 0.053710 1.631583 2.000000 
0.967494 1.469504 0.766037 0.804973 0.488465 
1.332510 1.800372 1.053214 1.333948 0.298708 
2.000000 0.305016 0.933572 1.149709 1.182253 
1.628562 1.607679 0.034982 1.762905 1.434815 
1.405346 1.016981 0.000000 0.000000 0.117019 
1.816417 1.053727 0.452707 1.062769 1.636833 
1.447470 0.000000 0.929162 1.183455 1.462245 
0.465831 0.315049 0.222500 0.764270 1.504265 
2.000000 0.000000 0.082049 1.388567 1.873934 
0.919848 0.605694 1.264422 1.489329 0.768160 
